8
00	00	07	30	2	3	10
07	30	08	00	7	2	3	4	5	8	11	12
08	00	15	00	12	1	2	3	4	5	6	7	8	9	11	12	13
15	00	20	00	11	1	2	3	4	5	6	7	8	9	11	12
20	00	22	00	9	2	3	4	5	6	7	8	11	12
22	00	23	00	8	2	3	4	5	7	8	11	12
23	00	23	30	3	3	7	10
23	30	24	00	2	3	10
9
00	00	07	30	2	3	10
07	30	08	00	7	2	3	4	5	8	11	12
08	00	15	00	12	1	2	3	4	5	6	7	8	9	11	12	13
15	00	17	00	11	1	2	3	4	5	6	7	8	9	11	12
17	00	18	00	8	2	3	4	5	7	8	11	12
18	00	20	00	4	3	7	8	10
20	00	20	30	3	3	7	10
20	30	23	00	2	3	10
23	00	24	00	0
6
00	00	09	00	0
09	00	13	00	10	1	2	3	4	5	7	8	9	11	12
13	00	17	00	11	1	2	3	4	5	6	7	8	9	11	12
17	00	19	00	2	7	8
19	00	20	30	1	7
20	30	24	00	0
6
00	00	13	00	0
13	00	17	00	11	1	2	3	4	5	6	7	8	9	11	12
17	00	22	00	9	2	3	4	5	6	7	8	11	12
22	00	23	00	4	3	7	8	10
23	00	23	30	3	3	7	10
23	30	24	00	2	3	10
