19
00	00	00	30	3	7	8	23
00	30	07	00	0
07	00	07	30	11	2	4	5	6	7	8	9	10	11	12	13
07	30	08	00	13	1	2	3	4	5	6	7	8	9	10	11	12	13
08	00	09	00	15	1	2	3	4	5	6	7	8	9	10	11	12	13	14	15
09	00	09	30	20	1	2	3	4	5	6	7	8	9	10	11	12	13	14	15	16	17	18	19	20
09	30	10	00	22	1	2	3	4	5	6	7	8	9	10	11	12	13	14	15	16	17	18	19	20	21	22
10	00	11	00	26	1	2	3	4	5	6	7	8	9	10	11	12	13	14	15	16	17	18	19	20	21	22	23	24	25	26
11	00	14	00	27	1	2	3	4	5	6	7	8	9	10	11	12	13	14	15	16	17	18	19	20	21	22	23	24	25	26	27
14	00	17	00	26	1	2	3	4	5	6	7	8	9	10	11	12	13	14	16	17	18	19	20	21	22	23	24	25	26	27
17	00	19	00	24	1	2	3	5	6	7	8	9	10	12	13	14	16	17	18	19	20	21	22	23	24	25	26	27
19	00	19	30	21	1	2	3	6	7	8	9	10	12	13	14	16	18	20	21	22	23	24	25	26	27
19	30	20	00	19	1	2	3	6	7	8	10	12	13	14	16	20	21	22	23	24	25	26	27
20	00	21	00	11	1	7	8	10	12	13	16	20	22	23	26
21	00	21	30	10	1	7	8	10	12	13	16	20	23	26
21	30	22	00	7	1	7	8	10	16	23	26
22	00	22	30	5	1	7	8	10	23	
22	30	23	00	4	7	8	10	23	
23	00	24	00	3	7	8	23	
16
00	00	07	00	0
07	00	07	30	11	2	4	5	6	7	8	9	10	11	12	13
07	30	08	00	13	1	2	3	4	5	6	7	8	9	10	11	12	13
08	00	09	00	15	1	2	3	4	5	6	7	8	9	10	11	12	13	14	15
09	00	09	30	20	1	2	3	4	5	6	7	8	9	10	11	12	13	14	15	16	17	18	19	20
09	30	10	00	22	1	2	3	4	5	6	7	8	9	10	11	12	13	14	15	16	17	18	19	20	21	22
10	00	11	00	26	1	2	3	4	5	6	7	8	9	10	11	12	13	14	15	16	17	18	19	20	21	22	23	24	25	26
11	00	14	00	27	1	2	3	4	5	6	7	8	9	10	11	12	13	14	15	16	17	18	19	20	21	22	23	24	25	26	27
14	00	16	00	26	1	2	3	4	5	6	7	8	9	10	11	12	13	14	16	17	18	19	20	21	22	23	24	25	26	27
16	00	16	30	25	1	2	4	5	6	7	8	9	10	11	12	13	14	16	17	18	19	20	21	22	23	24	25	26	27
16	30	17	00	23	2	4	5	6	7	8	9	10	12	13	14	16	17	18	19	20	21	22	23	24	25	26	27
17	00	18	00	21	2	5	6	7	8	9	10	12	13	14	16	17	18	19	20	21	22	23	24	25	27
18	00	19	00	16	5	7	8	9	10	12	13	14	16	20	21	22	23	24	25	27
19	00	20	00	13	7	8	9	12	13	14	20	21	22	23	24	25	27
20	00	21	00	7	8	14	21	22	24	25	27
21	00	24	00	0
10
00	00	08	00	0
08	00	08	30	2	2	10
08	30	09	00	3	2	10	8
09	00	10	30	4	2	10	8	1	
10	30	11	00	7	2	10	8	1	21	24	25
11	00	15	00	13	1	2	3	8	9	10	21	17	24	18	25	19	27
15	00	16	30	12	1	2	8	9	10	21	17	24	18	25	19	27
16	30	17	00	11	2	8	9	10	21	17	24	18	25	19	27
17	00	18	00	7	8	9	10	21	24	25	27
18	00	24	00	0
10
00	00	08	00	0
08	00	08	30	1	10
08	30	10	00	2	10	8
10	00	11	00	2	10	8	2
11	00	13	00	10	2	8	9	10	21	17	24	18	25	19	
13	00	15	00	11	1	2	8	9	10	21	17	24	18	25	19	
15	00	16	00	9	1	2	8	9	10	21	17	18	19	
16	00	18	00	2	1	10
18	00	21	30	1	1
21	30	24	00	0